Openness = 0.9029206792339013
Conscientiousness = 0.8122694769039123
Extraversion = 0.9667095148217691
Agreeableness = 0.3034093649534875
Emotional range = 0.8773174458471829